(3148.0,500.0) (1586.0,500.0) (1586.0,295.0) (3147.0,111.0)
(1586.0,295.0) (966.0,295.0) (966.0,180.0) (1586.0,180.0)
(2480.0,768.0) (2480.0,960.0) (1590.0,960.0) (1590.0,768.0)
(2760.0,770.0) (2760.0,960.0) (3146.0,960.0) (3146.0,770.0)
(3146.0,965.0) (3016.0,965.0) (3016.0,1361.0) (3146.0,1200.0)
(3716.0,4000.0) (5260.0,4000.0) (5260.0,4154.0) (3716.0,4154.0)
(3716.0,4000.0) (3338.0,3632.0) (3338.0,3786.0) (3716.0,4154.0)
(3338.0,3750.0) (1948.0,3800.0) (1948.0,3580.0) (3338.0,3580.0)
(4720.0,3998.0) (4538.0,3818.0) (4434.0,3818.0) (4436.0,4000.0)
(5262.0,4002.0) (5440.0,3818.0) (5624.0,3824.0) (5262.0,4154.0)
(4434.0,3820.0) (4434.0,3422.0) (4530.0,3422.0) (4530.0,3820.0)
(5016.0,3444.0) (5016.0,3166.0) (4436.0,3166.0) (4436.0,3424.0)
(5018.0,3168.0) (5018.0,3390.0) (5054.0,3390.0) (5054.0,3168.0)